Size
100
Points
0.36086982478299634,0.37818944328894566
0.011183484180579462,0.20335411665609648
0.3048488380384099,0.31860562433492545
0.400581260911812,0.09475026992285718
0.36169353852116215,0.377097055716489
0.883177908335911,0.39792835533727
0.7982518896388474,0.19423091495401335
0.00366108293461187,0.2642335843172918
0.4644879089664051,0.9180149323121676
0.2720146219019015,0.6066313175090934
0.6671096854996812,0.5157020907754973
0.27280041613171047,0.5744760287323184
0.014058022600615838,0.8740727131667196
0.016929168658641802,0.7469122778852717
0.5241323609251537,0.5078786086932998
0.868596194841352,0.9698229552730879
0.9232885229991272,0.9553278298793508
0.5659333479619637,0.6260485163015514
0.13311705218360848,0.2728707926588586
0.7885268261099678,0.9479367269365179
0.743456936496121,0.6329480414235679
0.7723309035259238,0.39888569794302264
0.16954988931622772,0.2912370140851731
0.8362636890863197,0.998395793708344
0.8461361489951159,0.7233594569147277
0.5250915732071377,0.672016286744303
0.8696842766114429,0.3636961090831534
0.8421870689206047,0.4744258268078575
0.1961441263257876,0.7747055194612066
0.7936592537914317,0.8412510055913993
0.7652133721871127,0.6372974781149389
0.7369590820665188,0.5831447658384453
0.38153628803112405,0.5755896207271224
0.5502594757558666,0.5726850883404174
0.5693739717419359,0.23216446557957648
0.5793475652783366,0.9045327659491679
0.19665605190187385,0.4294022655477222
0.48738003162240884,0.3427007600931389
0.4089944337586928,0.6679440885762653
0.018512647597132226,0.35754359045705975
0.07173016922698616,0.3918459088679723
0.8463044757234056,0.41177529531418244
0.8865625054361105,0.4070077392393904
0.7474312880952351,0.5795746042785375
0.5563790764578267,0.47217694290312995
0.18392031604817038,0.031498360772220124
0.6051740482454715,0.1930079513534383
0.7727716684423233,0.15872666367003252
0.7207117961757491,0.673092404864373
0.8218033167472433,0.7778265762509535
0.10333894250398579,0.7979767833830006
0.47423905436977776,0.24290399701154675
0.41705144829199003,0.3538348683792073
0.3467982713828369,0.5373673559869722
0.2714215859339121,0.5446439631352601
0.8409712678878558,0.894798816257458
0.33474063576285384,0.46838043737063084
0.7495180315212971,0.2911799544277197
0.7310109298247985,0.9648821354151765
0.3070404619268412,0.0008026151865807574
0.8235687560233499,0.8759934089545867
0.6219422927393737,0.5627903704358497
0.21624357638134784,0.5663544830660618
0.7749543273988171,0.1428545349460576
0.03036130028137296,0.6003798456701809
0.6974633110198715,0.1672809894848306
0.18047673649160034,0.7450372939612548
0.3204152021460268,0.8523662886767704
0.41148483321889595,0.9232292782142932
0.9382514736642255,0.841912030555602
0.9751373368339373,0.6209701614210982
0.6160684191890085,0.969364524593037
0.5586301392366033,0.9586700462484754
0.8132042863282533,0.8822703384612341
0.4180136539987296,0.09365855754808294
0.8811296373109401,0.7167403099282982
0.5866279608796563,0.9543219810115694
0.18459867222305704,0.6224633691868295
0.563310084204304,0.5834661047432521
0.4461997607203313,0.5818203144961601
0.1880906185072031,0.6449353101606653
0.09311068368765274,0.12042326826236172
0.3465088202766248,0.33226348076298307
0.004034277698022337,0.14968421167057333
0.645388311404619,0.09596801472308303
0.5349498367315711,0.5564699062805158
0.9840126755608322,0.017386913170153395
0.25064459209709167,0.8303599344021132
0.5896135479042438,0.9956216627942369
0.7593778197939092,0.4019040558471192
0.5665666513521402,0.7617365516439238
0.9685612671783889,0.6075312755236305
0.29622088677794256,0.8301390133833491
0.7931724924269618,0.7462412815366931
0.49075015387232934,0.901512949675196
0.7479756982900192,0.5640818303974117
0.0008561924298368107,0.44123691522595776
0.4455310098055678,0.5422551118847704
0.025294721761661032,0.0811230244575426
0.8294675335842988,0.33921788782070794
Cuts
0,4
1,7
2,82
3,74
6,86
9,11
10,61
12,50
13,64
14,44
15,23
16,69
18,22
19,58
21,89
24,75
25,90
27,41
28,66
29,73
32,38
33,85
34,46
36,40
39,96
45,59
47,63
49,93
53,56
54,62
55,60
57,99
65,84
70,91
71,88
77,80
79,97
5,42
20,48
26,99
30,31
37,52
40,39
43,95
5,42,26
8,94,68
20,30,48
31,43,95
35,76,72
67,87,92
9,11,54
3,59,74
39,96,40
12,50,13
0,4,2,82
6,86,47,63
38,32,79,97
20,48,31,30,43,95
9,80,11,54,62,77
55,69,60,15,23,16,19,58,29,73
10,61,14,85,44,33,78,17,25,90,20,30,31,43,95,48
51,74,3,59,45,81,98,1,7,39,96,83,18,22,36,2,82,40,0,4,52,37
28,87,66,92,67,68,8,94,35,76,72,88,19,23,15,16,69,58,55,60,73,71,29,49,93,24,75,70,91,27,41,42,5,26,99,21,89,6,86,57,47,65,63,84,46,34
Binary constraints
2,82
7,39
39,40
39,96
24,49
24,75
34,37
