Size
100
Points
0.8267912113841326,0.16024367408975349
0.8776098801269633,0.20430893872331002
0.5552609034315925,0.4054351768349559
0.4009324617319239,0.038406691815563554
0.442269003760833,0.24490974807625843
0.4962641243202238,0.5560633989608237
0.6344062219798189,0.5327046864906035
0.019139659888099847,0.18659348563118316
0.24058084653721779,0.6350162826734695
0.40549316402802393,0.5855488673584426
0.12229735808032738,0.3361472168681603
0.15604966639676043,0.7546924414801055
0.2384208039837541,0.7187763179074214
0.8455661673389568,0.752213802614184
0.40786522490580646,0.8627244060724608
0.6931394176948626,0.7504026316376202
0.04851497682531125,0.5189138697104294
0.7707185012019732,0.7064412035645864
0.21596676654885472,0.38054601607718985
0.04083564374814164,0.6266082662023857
0.9877070143572085,0.11770976798644073
0.5456345567445291,0.20237397100589483
0.5478738205105066,0.26505699550824824
0.048867039276423774,0.5268201338946807
0.05412660765677413,0.3574247627663023
0.7989177372318758,0.7093154467309419
0.42727920023608,0.8201447962039632
0.4059165933497204,0.6919046405000228
0.0917528050039409,0.6378217589842539
0.9248216886144991,0.25956969065403446
0.8507699570703778,0.5788848730822772
0.9633393410599976,0.48039951535547
0.33345150922411915,0.016596847734010933
0.5438733237293976,0.20787824593462323
0.2316837883998084,0.8605425432332245
0.028452104963825442,0.6545941426227588
0.9414281452805814,0.9418102609281311
0.6297701623628076,0.19340474021439336
0.01681069874095642,0.11906898529701126
0.7610246031749455,0.16768011068092126
0.37150680868094,0.061135808734182895
0.07584341205698375,0.23331806450708403
0.5378905586256807,0.11228303487496771
0.5264252688826199,0.3982141807955184
0.30927113929610794,0.13285118764258197
0.3264034533610972,0.17516950705797651
0.4017704765807675,0.1512787063111456
0.7306823184828427,0.036185751892333196
0.33328081499671847,0.04844622565281442
0.32178934497700296,0.7214348578408931
0.1980403510771105,0.48142282610161014
0.15154944822658,0.9737217240701439
0.4973333391160063,0.3913536191316107
0.7626690763404621,0.3029658844641384
0.2428222108503314,0.3696827084817058
0.2661794987742522,0.7135229983253256
0.08944853242477624,0.16277487778654276
0.9863269044346445,0.8994775601448181
0.566264389535021,0.9855920138500464
0.9001382026529701,0.3829612027396879
0.739050498792949,0.843151147841751
0.08420827425347055,0.7004816227561738
0.29771901556453373,0.9627124796767311
0.1822280702998409,0.0885436861284995
0.46248961422893176,0.13336642478118632
0.6682127760665743,0.7896004700684013
0.36022053482303007,0.9544725621337623
0.4802757706682068,0.5192953194137759
0.6475520683368388,0.5933425446917217
0.058555161980199166,0.8574522557366139
0.09806749129300463,0.38201290980112523
0.7407495750489979,0.6889857396458604
0.5796364351666152,0.2602378816154398
0.20625343536481144,0.31745520233671753
0.5891390972138622,0.3690222998447237
0.03062746058512389,0.7829581420544298
0.3066825669304134,0.10907859291479127
0.37694464066652633,0.34834141181844647
0.16609327040726052,0.07119177494759987
0.05637298034296101,0.9931592708685814
0.7671849485058033,0.45606488173443405
0.5622235653805496,0.5028156882901835
0.5083289272020318,0.8545522780111027
0.6554974728171883,0.12298361948142944
0.13197412867895664,0.17677953859114937
0.8380161456583624,0.045443627801650566
0.3175609025202236,0.453407916545424
0.5823812050278225,0.0893597450452851
0.5040580146486027,0.5368234518868483
0.6611212680597311,0.7781210554638905
0.8235678844233275,0.057544308930198906
0.9689716312318611,0.33672465173899135
0.3711362716583744,0.4281054278814307
0.39140414430420645,0.2663446994867088
0.49073306539748396,0.6262358318132847
0.36102253087997693,0.009024733551988406
0.665140660840804,0.884918623860427
0.04208000463455608,0.5591067297594517
0.5856461061405855,0.5639731577739798
0.1314791687707535,0.4535717934946034
Cuts
0,39
3,40
4,93
6,68
7,38
9,94
17,71
19,35
21,33
22,72
27,49
28,61
30,31
36,57
37,83
42,87
43,52
46,64
50,99
51,79
53,80
58,82
60,96
62,66
63,78
69,75
8,12
9,27
18,54
24,70
44,76
45,46
65,89
67,88
71,15
83,47
85,90
16,23
44,45
86,92
0,1
58,96
29,91
31,59
1,29,20
5,88,67
8,55,12
10,70,24
15,89,65
16,23,97
18,54,73
41,56,84
44,76,45
47,85,90
77,86,92
36,57,13
63,78,84
6,68,98
31,59,91
0,39,53
2,74,43,52
6,81,68,98
7,41,38,56
19,35,28,97
47,90,85,20
14,26,82,58
3,40,48,32,95
22,33,21,37,72
4,93,77,92,86
36,57,13,25,60
0,39,1,53,80
30,31,59,91,29
3,40,76,32,95,48
1,29,91,31,30,59
36,57,13,25,17,71,60
63,78,7,41,38,56,84
39,53,80,30,31,59,91,29
0,39,1,20,29,53,80,30,31,59,91
2,43,52,77,74,93,4,46,64,42,87
65,89,15,71,17,25,13,57,36,60,96
77,86,92,2,74,43,52,22,33,4,93,21,72
1,20,85,29,90,0,53,39,47,80,30,31,59,91
21,33,22,72,37,74,2,43,52,4,93,77,92,86
7,38,56,41,84,32,95,48,63,78,3,40,76,44,45,46,64,42,87,83
11,75,69,79,34,62,51,66,14,26,82,58,96,65,89,15,60,36,57,13,25,17,71
3,40,76,44,45,46,64,42,87,37,72,22,33,4,93,21,83,77,92,18,73,54,10,70,24,41,7,38,56,84,32,95,48,63,78,86
32,48,63,78,84,7,41,38,24,70,56,10,73,18,54,86,92,77,93,4,52,2,74,43,22,33,21,37,83,72,87,42,64,44,76,45,46,3,95,40
50,99,16,23,97,19,35,28,61,75,69,79,51,62,66,11,12,8,55,34,9,94,27,49,5,88,67,81,2,74,43,52,22,33,21,37,83,72,87,42,64
16,23,97,19,35,28,61,11,75,69,79,34,62,51,66,14,26,82,58,96,65,89,15,60,36,57,13,25,17,71,6,98,68,67,88,81,5,94,9,27,49,55,8,50,12,99
16,23,97,19,35,28,61,11,75,69,79,34,62,51,66,14,26,82,58,96,65,89,15,60,36,57,13,25,17,71,6,98,68,2,43,52,67,88,74,81,5,94,9,27,49,55,8,50,12,99
Binary constraints
36,60
60,96
42,87
47,87
4,93
11,61
11,75
14,26
15,71
16,23
16,99
23,97
34,51
47,83
86,92
15,68
20,29
1,29
21,37
39,53
72,74
54,73
18,73
47,90
0,1
0,20
22,74
6,68
6,80
43,52
52,81
68,71
15,17
8,50
50,99
8,12
