Size
100
Points
0.569555426949721,0.24084139216994938
0.01443138406373401,0.01223506798912044
0.32279035008953383,0.254687554369331
0.3350782449441483,0.908792822991246
0.17928864198835248,0.5574929830026364
0.5941548054048518,0.7961392758098217
0.46713628288187625,0.23389761670211373
0.5865395180406581,0.41198470237810014
0.7406871289724299,0.9884979853990488
0.8418410386550143,0.9669051874289565
0.2140287065335872,0.0711238304223889
0.646398338364019,0.6647677305650033
0.49926400309980234,0.3963678923223891
0.9619564384388009,0.44534527844104765
0.7436456153141342,0.8185772892390981
0.6388280811495022,0.7194090201977622
0.4621129248956739,0.7877960397580095
0.08748892637082961,0.3778985290742205
0.3400744491302631,0.04985605329953546
0.8872278440404223,0.8326903916646052
0.4956408427857256,0.32635632590138275
0.6946318717474861,0.45125089263983476
0.07925724821444635,0.9387663285738858
0.6059391788107782,0.7270255381234506
0.5725737329898462,0.6718559062292391
0.3976679896704376,0.6708375081506556
0.08031061070336154,0.1607632419196422
0.09864078668795173,0.5483401681487223
0.33364702498817356,0.5239339716556123
0.26928500866397154,0.5232266533841494
0.6795643720516098,0.6895753815215726
0.000129800477065789,0.235026745255425
0.6756528553201577,0.6551657383141731
0.5067455874690165,0.9999020506969145
0.8602345687800989,0.18057532851975566
0.10086314111609973,0.4261288020228621
0.3293749643520162,0.559796123516377
0.6810663013136212,0.17633291489149472
0.6491661595149855,0.05449924009949958
0.8866502644338718,0.1426088714137962
0.8865402937596626,0.42013825077506306
0.3720196173461656,0.07181859427750559
0.7297306173737851,0.1050880819908595
0.8396970339010534,0.5073740270609931
0.4519977631491774,0.007071336567720077
0.019765225377270768,0.2258273243703336
0.8997544593814892,0.11509157001770898
0.40539236893621156,0.866245219355629
0.8897129071525997,0.1833616758913731
0.06772106634745545,0.5199017391811529
0.0983210920585268,0.6526528622209341
0.06487948089335449,0.08904707812044221
0.38951807198986554,0.797043178267862
0.19983408074449094,0.9935913733785601
0.5079847865116531,0.9090942574591574
0.49957370364904774,0.7423986207151961
0.20637513741016822,0.7199287287520197
0.9022768940328298,0.33888363087173445
0.6184139110183731,0.2875531190550268
0.9355678880365466,0.917238574671091
0.6167124551902915,0.25741232852295726
0.11981157869676495,0.8715865013313128
0.8500960602709544,0.6699626041361433
0.9311553015091543,0.6050911049543953
0.9969774071668216,0.7251382093382447
0.5947362866468955,0.4600074693041014
0.6719988665936953,0.7723467064794538
0.2528256816358633,0.1318035933982803
0.25534288518564174,0.31706193337973476
0.7484147141237117,0.27259667089653994
0.8161739741177433,0.4865754939528901
0.9177508511412623,0.6279981800993429
0.20886758805368588,0.5830513071018502
0.9387368615922107,0.37190731951618106
0.9653745609322039,0.07791436545323138
0.48067490312816186,0.007163198720162689
0.4252340854721469,0.07914792377979252
0.4438701997113268,0.9373155570236739
0.5953061748057299,0.6496610382482578
0.20519673282824769,0.29458939101046633
0.9936978237896553,0.9566361293367852
0.09027383901067365,0.3860600879276037
0.7591720253142584,0.6189819986828214
0.4848918671950291,0.5744006850545617
0.2138077608591007,0.06383586456100288
0.28911366917672887,0.6166657015973803
0.21714546069829066,0.8574306623381801
0.9524727017795164,0.16627615866464351
0.5576838831373658,0.2970472098667747
0.5205893412119764,0.14089164429930545
0.5322629911702188,0.5572409160742006
0.15733587096996116,0.5098006857878393
0.351703137623292,0.284805186957351
0.07993964737232151,0.8651380768035715
0.6197693960782581,0.767228634725194
0.550643070902966,0.03661620925819309
0.17393409978288854,0.048914706060743995
0.142149403128632,0.08737537194911671
0.3433108684182017,0.3526622685223797
0.2688550082380815,0.4104351795002592
Cuts
0,88
2,92
5,94
6,89
8,9
12,20
13,40
14,66
15,23
16,55
18,41
19,64
24,78
27,49
28,36
31,45
34,48
37,69
38,42
43,70
44,76
50,56
53,86
57,73
58,60
59,80
62,82
63,71
68,79
74,87
75,95
83,90
96,97
98,99
1,51
4,72
17,81
22,53
33,54
44,75
77,3
91,4
1,26,51
4,91,72
7,21,65
10,67,84
11,30,32
17,35,81
22,93,61
33,77,54
18,41,76
26,31,45
13,40,57,73
28,36,29,85
58,60,0,88
10,84,67,96,97
22,53,86,61,93
26,45,1,51,31
17,81,35,49,27
2,79,68,99,92,98
34,48,39,46,87,74
0,60,6,58,88,7,65,12,20,89
6,89,95,38,42,37,69,58,60,0,88
21,65,7,12,20,88,58,60,0,6,89
8,9,80,14,66,19,64,59,63,71,62,82
2,92,68,79,98,99,28,36,29,85,4,91,72
35,81,17,79,2,92,68,98,99,28,36,29,85,4,91,72
5,23,15,30,11,32,82,62,71,63,64,19,59,80,8,14,9,66,94
38,42,37,69,34,48,39,46,74,87,57,73,13,40,43,70,21,65,7,12,20,6,89
44,75,95,38,42,37,69,34,48,39,46,74,87,57,73,13,40,43,70,21,65,7,12,20,88,58,60,0,6,89
5,54,33,77,3,47,52,16,55,25,83,90,15,30,23,24,11,32,82,78,62,71,63,64,19,59,80,8,14,9,66,94
8,9,80,14,66,19,64,59,63,71,62,82,11,30,15,23,24,78,32,90,25,85,83,28,29,72,36,4,91,27,50,49,56,86,61,93,22,53,3,77,33,54,47,52,16,55,5,94
Binary constraints
6,89
6,20
17,79
17,81
21,70
35,49
40,43
43,70
0,60
7,12
7,65
50,56
