Size
100
Points
0.8145881575916015,0.6706488528861718
0.7693860817369189,0.2515815244593298
0.36303856999052464,0.17815705991212694
0.01134877901561504,0.6014066990011382
0.07849845510557463,0.29110881931017685
0.6189335306477057,0.7335440723832681
0.36556603501515994,0.7602150838669552
0.15623494694425344,0.872273801953625
0.697789837448419,0.8995520855728519
0.10999958872443105,0.8611610217990181
0.237382794351795,0.5217781038490666
0.009603356818794762,0.6904334491944253
0.5305401722906552,0.3713842139120096
0.15613201667010324,0.530829232215348
0.7894510692105612,0.6197967452649216
0.15877524868144222,0.11026188155270233
0.5075468808270039,0.814287428094423
0.04841000700942255,0.23157553596838898
0.7312775313790845,0.7154416718929593
0.24023063237010578,0.2629746860950918
0.010058545329122759,0.06930548976546547
0.9400258251563844,0.9212296402524194
0.8439232479395278,0.05579394194456111
0.5468185541139741,0.2484272167669077
0.6384802994042814,0.9116812259768441
0.3822483843889164,0.3394526008350417
0.9460662093375727,0.37261840607415697
0.6229225944782047,0.1520621956481959
0.8786124886898579,0.7847682362207747
0.001467464133884877,0.7212212978207316
0.04054712564304375,0.09705114733278786
0.8695918564596,0.6118624280007324
0.43328212388216647,0.12377895666463667
0.2570937809738598,0.29148834838096027
0.22168441433210884,0.0044288468354259924
0.08081405375840389,0.8871631608416717
0.5140941197436325,0.36157986780082296
0.03529890507996314,0.035342507285367364
0.8537655187888915,0.43729586294103473
0.19644681500518557,0.800063568306609
0.8979839188290263,0.05550672212234442
0.09467700400615098,0.1730654827527328
0.17622956946366708,0.6645250058612572
0.8668130413542509,0.08535240107182418
0.29096774103050427,0.5630416724481744
0.49304749636536416,0.6472275401919835
0.9402656215339199,0.5684567820993444
0.9105827914105312,0.9905013000299098
0.04862666448324393,0.8601288728685695
0.9985662937799248,0.3784586445154945
0.05155007362632258,0.45460432903592785
0.6311255812786695,0.6249683263461546
0.44943018150342773,0.6965083890322665
0.7556897245719961,0.6638916508808006
0.8859259203012738,0.6618576830695226
0.5774089537642435,0.3512202105564949
0.3056861594040766,0.2587379326646676
0.5423584249432826,0.6575054016943903
0.9225512732819819,0.5213359034052051
0.8579893889796503,0.11831192221642628
0.6134851031042352,0.7679828343024057
0.18197651726273345,0.26390329061345963
0.26616262661750445,0.8835141044504016
0.8412733383597375,0.8036842113085321
0.8652282079782492,0.9424359239622283
0.24416626643492023,0.7494446571750008
0.6790791747438826,0.48994065443003454
0.3936449281451043,0.9252880725593547
0.6535483456859091,0.6993207577783425
0.3763667742668767,0.17461678528046154
0.09787515061641261,0.09682836729185718
0.5322215793121438,0.7673872655755277
0.5883651379755911,0.10856079849027966
0.5255655736279696,0.9489633396772307
0.2970576354521245,0.563139895301463
0.2756470160405394,0.47329984281372994
0.9781949730651476,0.42988740239676526
0.522255379234285,0.9606567084808211
0.0747818845648851,0.4871181210057137
0.4363956839389831,0.23871881245353188
0.6804557799670469,0.6933683963425826
0.868337364207443,0.42382545337234034
0.4023149199557733,0.07795732892134233
0.7407961380877673,0.09452715446058291
0.018566701576037903,0.9543285474883144
0.8123130051690997,0.08942511505147177
0.9177078435287286,0.28568963230532163
0.024332396067990647,0.7924964005066265
0.10787437967627278,0.28311602302186756
0.38700273710169986,0.06557520321833177
0.5885191170540415,0.9384684884756948
0.3492998209461353,0.635391031211616
0.9387481161133028,0.4842337382028925
0.34723878560259136,0.6271276165823508
0.8680309670669845,0.2281533267944329
0.8706698312569764,0.3247027569544686
0.7745172611080968,0.45685087349322817
0.6635337160922122,0.5858738831760452
0.4925277499839579,0.49267189790659915
0.75571744904392,0.7875813299681513
Cuts
2,69
5,60
6,52
7,9
10,75
15,34
16,71
17,41
20,37
23,55
26,49
27,72
31,54
33,56
38,81
44,74
45,57
46,58
50,78
51,97
62,67
66,96
68,80
73,77
86,95
91,93
12,55
42,65
82,89
14,53
49,76
48,87
43,40
0,14,53
21,64,47
32,82,89
2,69,32
15,34,70
20,37,30
26,76,49
73,77,90
39,42,65
38,81,96
12,36,55
46,58,92
2,69,79
3,78,50
45,52,57
12,55,36,98
20,37,30,70
10,44,74,75
22,40,43,59,85
22,83,40,43,59,85
1,83,85,22,40,43,59,94
1,59,27,22,85,40,43,72,83
18,99,21,47,28,64,63,8,24,90
22,85,40,43,59,1,94,27,72,83
1,83,85,22,40,43,59,94,86,95
86,94,22,85,40,43,59,1,95,27,72,83
3,50,11,29,78,13,42,65,7,9,35,84,39,48,87
3,50,11,29,78,13,42,65,39,62,7,9,35,84,48,87
2,56,19,61,33,88,69,4,17,41,20,37,30,70,15,34,89,82,32
15,70,34,20,30,41,37,4,88,17,19,33,56,25,79,61,2,69,32,82,89
25,56,19,61,33,88,4,17,41,20,37,30,70,15,34,89,32,72,23,55,27,12,36,98,82
25,56,19,61,33,88,4,17,41,20,37,30,70,15,34,89,32,69,2,79,23,55,12,36,98,82
25,79,2,56,19,61,33,88,69,4,17,41,20,37,30,70,15,34,89,32,72,23,55,27,12,36,98,82
25,56,19,61,33,88,4,17,41,20,37,30,70,15,34,89,32,69,2,79,23,27,72,83,82,85,22,40,43,59,94,1,55,12,36,98
25,56,19,61,33,88,4,17,41,20,37,30,70,15,34,89,32,69,2,79,23,27,72,83,82,85,22,40,43,59,94,86,95,1,55,12,36,98
Binary constraints
18,80
18,99
83,85
4,88
23,79
25,56
25,79
27,72
53,80
15,70
72,83
26,81
62,67
16,67
0,14
1,94
6,52
6,91
10,75
31,46
31,54
38,81
44,75
45,52
46,58
48,87
49,76
50,78
66,96
86,95
42,65
39,42
32,69
22,40
1,95
