15
0.5352989424056376,0.2121012822633339
0.9353818805886525,0.14147568994325876
0.02537851478321629,0.3726964842931946
0.7771069040835509,0.7671246087858131
0.709613844586974,0.2241913777483503
0.8174759508182851,0.9907925094779856
0.3467883539982699,0.15835625446447343
0.52132804244692,0.9422882470335696
0.6261785488134917,0.5355444737816004
0.03212731702442706,0.5135706532544861
0.9574808757700796,0.8142796698032418
0.2562508108888758,0.8358247723746431
0.5468046961969972,0.26100004279069
0.39087754208961056,0.9777217232315408
0.9021504343366445,0.5290839870105222
2,9
7,13
1,4
