15
0.3278662981136188,0.2724564329542192
0.336942624183455,0.8249321163180013
0.6344515635094427,0.9763105930066623
0.48962062776616655,0.6369847965420791
0.3899031663976379,0.86736048070045
0.9869933042145578,0.2842054558349858
0.1252415780484064,0.9289198581927223
0.6382175845342501,0.9406162021336482
0.20369624982576828,0.49542423752338827
0.2869095346560805,0.0019483465065518457
0.9735395405409808,0.8382735161422982
0.7847551808327659,0.5966749052590504
0.3707251322751062,0.5010361959668183
0.21060769284624314,0.8382558929763456
0.6581019418570823,0.4680160646714464
3,12
0,9
6,13
2,7
2,7,10
1,6,13
1,4,6,13
0,8,9,12
