20
0.7615448491384839,0.8846258852917085
0.47939893045294923,0.9369915960275969
0.4870923323317998,0.4058180645145898
0.44897424071942615,0.5918166628428135
0.8746460775883238,0.7881544439595397
0.8848423787532516,0.5371731255476195
0.848001933272715,0.6219865328004542
0.448830037987183,0.7858307751599538
0.6560538157312581,0.8816900273818552
0.1747400448179427,0.8420729493873921
0.47755615856824574,0.9169245583371459
0.39264479718489764,0.9921889096594585
0.4534991515005933,0.16798315791920737
0.6192850095836819,0.9215205939071399
0.36752968852172263,0.3017646441056342
0.017247669838320046,0.49369750559209746
0.20752296000752346,0.6642891618860005
0.5022234013336625,0.8633489951195671
0.5813874180730165,0.6818510299949188
0.2421055492194879,0.39278362620911056
1,10
5,6
15,19
7,17
8,13
4,5,6
1,11,10
