20
0.5600830103075175,0.7178932037523637
0.8409834523257338,0.6768479846567597
0.7500333366329782,0.3120220660250662
0.6718193189045556,0.8577346766550645
0.45843937988054884,0.46997405846156026
0.3378697676750032,0.2402164817645378
0.4873296076275395,0.7934167911326221
0.7119405016122267,0.8771359793196514
0.8056888787260197,0.4158962779318387
0.8911850682096598,0.9783221987208279
0.6399216647461711,0.9108814544638194
0.860887087560395,0.6373483425109496
0.7582751939544901,0.7925859122201356
0.170919952396429,0.24252281844830825
0.25482417794330814,0.9286193703080119
0.8044931578670405,0.21987406132291099
0.7600287732847625,0.9143443799649881
0.18366484204541234,0.38757747289852085
0.2680682771441736,0.3829082827735365
0.6406269231291698,0.20498704250384714
9,16
6,14
1,11
2,8
2,15,19
0,6,14
1,11,12
5,13,17,18
