30
0.22656348285199812,0.3466266181851927
0.9373690630041279,0.8420007365428456
0.4489651263376806,0.2959120887189729
0.35674038145178677,0.19933424540262978
0.7511374193992124,0.677520980212842
0.12872201617017587,0.4231857062008103
0.053491568634250086,0.947018945430393
0.23077249002211953,0.546726432161687
0.7354914288657994,0.9437485637203402
0.14355455588460364,0.7221917010647341
0.7051565913221489,0.8966310830673975
0.8713063890385844,0.3752667274159385
0.8356010667479047,0.35279271156227987
0.1446009934710566,0.0048048708962162845
0.9907138537330147,0.6080730266101089
0.47111080764407254,0.8062090791740063
0.5553777227296814,0.03229442288235074
0.8225801182028963,0.5286120763638947
0.9092795036259287,0.9028882759354646
0.01041765154111196,0.4600173668123996
0.14070441970570047,0.03276642238515015
0.9097156397790762,0.6953961309082515
0.46750735760868,0.6374150655114321
0.19895638579018493,0.2946951723114477
0.005479234268691124,0.5458146016799177
0.5533956975577163,0.7915870498828816
0.28106846044907685,0.15756913461399635
0.2809923899060637,0.24597651806474186
0.08086068213308462,0.19278041891075115
0.6267729065740638,0.23932568648564856
1,18
19,24
14,21
6,9
13,20
8,10
11,12
16,29
13,28,20
2,29,16
15,25,22
