40
0.5619454300087207,0.46623221990091646
0.45388713833822636,0.492706647764791
0.7551439799268495,0.672796096253123
0.9456763556972847,0.21233259358428413
0.7324469585592187,0.7142502318268061
0.7184590929561,0.28176263139357804
0.8352613748035334,0.6416262803748692
0.03656675542188692,0.9833509927037679
0.7641164953153146,0.9876913741367211
0.846750982374751,0.17806580671119965
0.09142946070060531,0.5698113891899926
0.20079749185240425,0.9333129365578797
0.3687026382216829,0.9918073841667191
0.5276810186845644,0.017924415863220022
0.9755280006454649,0.4708659816043883
0.7869152401802594,0.7189459358760394
0.13281463655489367,0.8739481606788442
0.18693704796035515,0.9655128683176305
0.046898750147882695,0.5012491319556648
0.7116735135884531,0.8857357482746682
0.6531726371025066,0.8446178099040619
0.5787727043810721,0.959775838187171
0.04417916558656321,0.5250559756563
0.5613295836784696,0.7802549126779531
0.5639629411188265,0.9221192050823559
0.9600143824110078,0.2825475111196952
0.5323073309795102,0.08131605754439053
0.8771928901318381,0.09975105845929311
0.1512177334873026,0.6059613058717462
0.4167234645378156,0.336331248781532
0.23159302507117296,0.32722214116502446
0.9172674582665595,0.1094719771873377
0.24159767809793709,0.4509797281412291
0.4333289755261359,0.14585914605792916
0.9383267101978777,0.7679323965057391
0.20086578227231977,0.10872219975381436
0.9013374522648844,0.16880721775155405
0.0700987788444919,0.9849534599570148
0.26573709812274804,0.06318165519785057
0.45474042458841035,0.20675185943261676
3,36
0,1
2,4
27,31
18,22
8,19
13,26
21,24
7,37
35,38
18,22,10
2,4,15
18,22,10,28
11,16,7,37,17
8,19,20,23,21,24
