Size
50
Points
0.3516686735191503,0.3487404909601757
0.3676182913545063,0.03541843147429147
0.5333279149282812,0.6349385951056988
0.44600349564342445,0.31540020739638686
0.8011573501941607,0.543950894434204
0.51383737688765,0.5470502646168537
0.16747453088462982,0.9607234095401045
0.812103121343726,0.8950493496058007
0.8577490614728075,0.8393640217544379
0.6079095287985907,0.4397649928966344
0.1870272412237144,0.6030434932016219
0.5435732232059358,0.45366528294237085
0.8648800551459356,0.32207313909502966
0.9023258692884041,0.42038110244772897
0.3696141978156342,0.19464574795433387
0.26295987493072825,0.8416556253613304
0.2944703038653066,0.19712702666218263
0.8749553500439762,0.726067258873226
0.03408764520663521,0.38338114633983644
0.8914523178101409,0.06982481120923778
0.8551434130684598,0.45834565627507007
0.21247711756816978,0.46878808414747464
0.3473899201384504,0.5355552860827028
0.6294641412731663,0.5668148008417404
0.44684639582328944,0.442338614210126
0.9591786824947455,0.9821639564534973
0.1560670306932015,0.864329970053157
0.739767422038989,0.6618804030123717
0.057297523997891675,0.09077490100867525
0.14651297927520135,0.3271052252619784
0.7923350434073599,0.6154640966616899
0.0373279704008207,0.5487373189351824
0.8656079703991559,0.9200434842570973
0.454378354103138,0.8248609151695306
0.3996794380349781,0.06671555080804192
0.28498685948683267,0.4541074984018073
0.9132978206764345,0.8669123884359065
0.7576536649774829,0.9967715414071957
0.19693234534024884,0.44514315416860273
0.9540333723350887,0.08580840326634165
0.20612590014142818,0.9497901602692005
0.8183886213368389,0.17885918961350722
0.6310288353305123,0.7684285028340602
0.1411878701404259,0.873711173733429
0.5256705260272545,0.29756237396292706
0.9084155431801394,0.8140930725654343
0.792750588971941,0.6426218752537336
0.6560343937583516,0.9409900163624036
0.8143982909065002,0.6622809818693539
0.1175642870045236,0.18344278160591765
Cuts
1,34
3,44
4,30
6,40
9,11
10,31
12,41
13,20
14,16
17,48
18,29
19,39
21,38
22,35
25,32
27,46
28,49
37,47
43,26
2,5
18,31
4,20
2,23,5
15,43,26
19,39,41
21,38,35
14,34,16,1
12,41,19,39
26,43,6,40
21,38,22,35
9,11,2,23,5
6,40,15,26,43
19,39,12,41,13
6,40,15,26,43,33
9,23,11,2,5,24
14,34,16,1,28,49
2,23,5,22,9,11,24
2,5,23,9,11,24,22,35,21,38
22,35,24,38,10,31,21,18,29,49,1,34,28,14,16,0,3,44
10,26,43,6,40,15,33,42,47,7,32,25,36,8,45,37,17,48,46
18,31,10,26,43,6,40,15,33,42,47,7,32,25,36,8,45,37,17,48,46
Binary constraints
12,39
12,41
12,13
5,24
5,11
2,23
4,30
21,38
21,35
22,35
11,24
10,26
10,31
15,33
2,33
6,40
26,43
0,16
0,3
29,49
1,28
1,34
14,16
